3.022222295 0.0 0.0 0.0 -0.0 -0.0 0.7068251811053659 0.7073882691671998
6.12222237 -0.06348141590897456 -0.512207081653624 0.020741088315844536 0.0005198899950948207 0.00018341909794117702 0.6911928575490954 0.7226701389603305
6.272222374 -0.14575966912571825 -1.0516594031258195 0.018876662477850914 0.0005660093789569409 0.000264264934006215 0.6780945356066946 0.734974428519638
6.422222377 -0.2533963395084207 -1.7137333469473075 0.01787232980132103 0.0006950517262942765 0.00040685496041389864 0.6648622166090231 0.7469655844132816
6.52222238 -0.3437722446709097 -2.210988319427653 0.015803620219230652 0.000747992270788346 0.0004986206573182838 0.6571661603655741 0.7537452020115095
6.622222382 -0.4452036514906189 -2.749374545264117 0.014645911753177643 0.0007797590122533806 0.0005978466372711106 0.6502824778752244 0.7596918674855875
6.722222384 -0.5571533253802882 -3.3356881972317463 0.012165927328169346 0.0008326010986966768 0.0007294467627273378 0.6447499065183622 0.7643927869409772
6.822222387 -0.6806865341260707 -3.964448640341874 0.01163775846362114 0.0009809557364056087 0.0008760436598276161 0.6404371541146349 0.7680094543056722
6.922222389 -0.8137014767774168 -4.634672154435037 0.010711455717682838 0.0011105821655025497 0.0010314135105652289 0.6373474745761933 0.7705750446548165
7.022222392 -0.9560088206185957 -5.344747593890705 0.010443407110869884 0.0011897433315838193 0.0011688786160971682 0.6357133080903166 0.7719234470790819
7.122222394 -1.1032773955408006 -6.089357157868152 0.0118289515376091 0.0012253426900162348 0.0013009379699420868 0.6353560020069293 0.7722172989576579
7.222222397 -1.2565970948559526 -6.889281330547538 0.013566640205681324 0.0012991476163444235 0.0014390511423757692 0.6359828288852863 0.7717007727807126
7.322222399 -1.4133921434767467 -7.723436606484136 0.015169224701821804 0.0013280804155514278 0.0015530041499781898 0.6375606068261421 0.7703974928593689
7.422222401 -1.569809461939077 -8.601547875315806 0.017580734565854073 0.0013307652268765694 0.0016634174631605777 0.639880736397915 0.7684712781185228
7.522222404 -1.7267726325069217 -9.519488368765897 0.020093884319067 0.0013342179501829728 0.001778596777388329 0.6428018474916528 0.7660292692301534
7.622222406 -1.8847940751336048 -10.478981308087072 0.023975839838385582 0.0012309783787992198 0.0017952191758111922 0.6462214849116484 0.7631468104623945
7.7222224090000005 -2.0379527934219386 -11.477766537756825 0.025406550616025925 0.0011186535454953935 0.0018097855733940553 0.6499326608508461 0.7599888220558002
7.77222241 -2.113714359507104 -11.993348081689552 0.027878064662218094 0.0010088800664741914 0.001792414810475284 0.651885498818746 0.7583146219347173
7.822222411 -2.185634503708379 -12.520332515035138 0.03045847825706005 0.0010765815865948069 0.001651718911848282 0.6538128821893867 0.75665370406807
7.872222412 -2.25907247487426 -13.05174034627457 0.031029289588332176 0.0007612072679245738 0.00174386570855229 0.6557245450104949 0.7549978149416495
7.922222414 -2.3279142195876847 -13.59750876452311 0.03089965134859085 0.0010814763340356705 0.001618813678852634 0.6576739359940275 0.7533002082605155
7.972222415 -2.4013351269341294 -14.150644151013966 0.032079994678497314 0.0009854881803694397 0.0016130305896446522 0.6596034219047509 0.7516114373510467
8.022222416 -2.470314657316261 -14.715000750979707 0.03322576358914375 0.0008686984369902541 0.0016519802831474351 0.6615492313629456 0.7498994137931205
8.072222417 -2.5388191324265974 -15.29179002865124 0.0337253101170063 0.0006955865078402213 0.0017204024736580308 0.6634808837662074 0.7481909336870844
8.122222418 -2.6016074927813313 -15.8737036165263 0.03501216694712639 0.0006961895924452256 0.0015608692184508391 0.6654055281678157 0.7464801150004229
8.17222242 -2.667780060354601 -16.465380759060093 0.03790956735610962 0.0006775584778513791 0.0014719282462677757 0.6672370066685983 0.7448437092932151
8.272222422 -2.791749018891431 -17.67963887569649 0.03778884932398796 0.0006635989665962714 0.0015598070481607738 0.6707467026883153 0.741684560626104
8.322222423 -2.849633432202143 -18.294677307333686 0.04073294997215271 0.0006692436785788083 0.0016627146864968232 0.6724498095223166 0.7401405550070675
8.372222424 -2.9071945759821656 -18.918964217995622 0.04200098291039467 0.0006572275062396623 0.0017344803620928813 0.6740371624155129 0.7386951084938372
8.472222427 -3.0136042665903213 -20.206540207850455 0.04444998502731323 0.0006883642994611286 0.0017358774332495567 0.6770418163349028 0.7359421796704302
8.522222428 -3.0647327141843252 -20.857675565898752 0.04728041589260101 0.0006937342675480779 0.0016940088613654899 0.6784488037956243 0.7346454040522069
8.622222431 -3.162392048949137 -22.178676605045457 0.050706636160612106 0.0006583111725338706 0.0016640281548809099 0.6810378062322854 0.7322460680119873
8.672222432 -3.2065238926097512 -22.842349120095665 0.05343932658433914 0.0006147794283379574 0.0016071678254712949 0.682194658738645 0.7311685760796199
8.772222434 -3.291237180102376 -24.173422098025664 0.05563604459166527 0.0005476895978993856 0.0015537349711603416 0.6843266691091281 0.7291737076237387
8.872222437 -3.368194576704646 -25.496277761262874 0.058476921170949936 0.000520756418303556 0.0015051094342707634 0.6861517330305993 0.7274567084833632
8.922222438 -3.4050319069839805 -26.153482368278503 0.060584403574466705 0.0005188031591611786 0.0014787124894962158 0.6869894772175423 0.7266656744645528
9.02222244 -3.4722546100530445 -27.460844511056923 0.0631442666053772 0.000516388225394689 0.0014547898095542545 0.6884601341159402 0.7252725423334818
9.122222443 -3.5357475154007596 -28.757398550266004 0.06689182668924332 0.0005205764845005458 0.0014139049431260166 0.6897511975941055 0.7240448986702637
9.222222445 -3.593163393844922 -30.04673415535821 0.06972155719995499 0.00042842020536591166 0.0012490455197213845 0.6908548675985575 0.7229922601638256
9.322222447 -3.647735688524492 -31.333929357532675 0.07295387238264084 0.00041244315160115336 0.001152922278555857 0.6918202544067483 0.7220687198968312
9.372222449 -3.672951236828883 -31.975047663086457 0.07468582689762115 0.0004394570640631933 0.0011082114639886377 0.6922482137403043 0.7216584990964895
9.472222451 -3.723268211702976 -33.265865347535645 0.07662571966648102 0.0005219847383621389 0.0011661450862535529 0.6930227428496618 0.7209145896225863
9.572222454 -3.7707010876179017 -34.55961233107722 0.08032219856977463 0.0005155297779163467 0.0011463449407917506 0.6936607469969198 0.7203007623194632
9.672222456 -3.8145028138557544 -35.859688822505134 0.08434758335351944 0.0005439441320447848 0.0011621965987125998 0.694236213251836 0.7197460896966361
9.772222458 -3.858054348307105 -37.15748392501045 0.08594301342964172 0.0005388445255564795 0.0011254227405690445 0.694736102891666 0.7192636445762659
9.872222461 -3.901492880966974 -38.458860939397546 0.08883373439311981 0.0006040753331927844 0.0011360247213794707 0.6951713242825762 0.7188429414246436
10.022222464 -3.963103044139779 -40.40833917768323 0.09516289830207825 0.0007052887137207623 0.0011842622686759352 0.6957062043357986 0.7183251195241507
10.122222467 -4.001969441910006 -41.70939211648413 0.09972747415304184 0.0007474671299062387 0.001210805866164058 0.696006162480281 0.7180343982230354
10.222222469 -4.03951225759151 -43.00700314325634 0.10237689316272736 0.0007871094537356111 0.0012006626628486582 0.696273806594685 0.7177748429124727
10.372222473 -4.094068305784421 -44.95231774282216 0.10763102024793625 0.0007734606374217081 0.0011677384532210314 0.696596723643851 0.7174615270202294
10.472222475 -4.130979036174826 -46.24907758848786 0.11097961664199829 0.0007493640491569538 0.0011207997780786543 0.6967718936936901 0.7172915100709671
10.572222478 -4.166164030000234 -47.54352053792857 0.11261685937643051 0.0007333932085849016 0.001086745103439862 0.6969272632821506 0.7171406213662237
10.722222481 -4.218275738878316 -49.4883258361039 0.11705287545919418 0.000739484644206326 0.0010447912648146266 0.6971255703668178 0.716947906555569
10.822222484 -4.252977076403501 -50.788337860169776 0.11961348354816437 0.0007224888983007778 0.0010096271062160688 0.6972398332218945 0.716836852869328
10.972222487 -4.304009979391518 -52.73399297702284 0.12486744672060013 0.0007097403010270494 0.0010025235256246846 0.6973637768456126 0.7167162994929782
11.07222249 -4.337978327571591 -54.032322135362 0.12831351161003113 0.0007366781689630094 0.0010366004322498999 0.6974440372841729 0.7166381218031679
11.172222492 -4.370832942377028 -55.33105095014513 0.13241040706634521 0.0007560735340957597 0.0010490464917723358 0.6975005926397048 0.7165830385388211
11.272222495 -4.40318121390917 -56.630305790103044 0.13665984570980072 0.0007773702445649651 0.0010904235089348416 0.6975565334634938 0.7165284985919733
11.422222498 -4.452754357640199 -58.57735973885082 0.14062806963920593 0.0007735458343871497 0.0010651652596047306 0.6976237566049199 0.7164630913524096
11.522222501 -4.4852189346956 -59.877865892525804 0.14394259452819824 0.0007837349274226809 0.0010871723090551677 0.6976605079441061 0.7164272604187435
11.622222503 -4.516741573537702 -61.17740617739577 0.14582879841327667 0.0007538823676093155 0.0010523105242126228 0.6976922304368287 0.716396451618808
11.722222506 -4.549778450061715 -62.47180545454954 0.14917805790901184 0.0007489282087001795 0.0010313632689103193 0.6977211872901715 0.716368285313315
11.822222508 -4.5823308657280375 -63.7697901624807 0.15139824151992798 0.0007312047720103566 0.001020717553141713 0.6977613029356937 0.716329245250214
11.92222251 -4.613553886713469 -65.07073401779574 0.154045969247818 0.0006939299800739823 0.0010050302953420996 0.6977796305500064 0.7163114515102944
12.022222512999999 -4.64460439634174 -66.3691524053448 0.15783721208572388 0.0007033851495097693 0.001004242594011142 0.6978005117970077 0.7162911017749541
12.122222515 -4.675978374701259 -67.66675470500705 0.16097238659858704 0.000701533515211769 0.0010134759000815484 0.6978092901648437 0.7162825387212535
12.222222518 -4.70779040535873 -68.96396062486073 0.16333478689193726 0.0007058052547550723 0.001009535995973795 0.6978204588607941 0.7162716592685529
12.32222252 -4.740015248744916 -70.26492053674787 0.16697055101394653 0.0007151004807541667 0.0010224997848892847 0.6978354285302253 0.7162570473046176
12.422222523 -4.769935095543407 -71.56523774376024 0.1707470417022705 0.0007240491264352777 0.001041020198375603 0.697834472935691 0.7162579426522089
12.472222524 -4.78887724773549 -72.18166232510842 0.17311950027942657 0.0007041849850161454 0.0010193204174047666 0.6978475569988677 0.7162452459179786
12.572222526000001 -4.81875567316242 -73.50465406687209 0.17550525069236755 0.0007251085802289484 0.0010491305732834718 0.6978448415975727 0.7162478276394604
12.672222529 -4.8498015362864715 -74.80052423213961 0.17834050953388214 0.0007099601850071954 0.001033425283199222 0.6978500405423955 0.7162428002456267
12.772222531 -4.881637885453282 -76.09892798667998 0.18114884197711945 0.0007127808825028389 0.0010324670180412799 0.6978473301568646 0.7162454396002853
12.872222533 -4.91354750642966 -77.39813288624845 0.18352140486240387 0.0007421290669711938 0.0010092336015780365 0.6978681369242279 0.7162251700114236
12.972222536 -4.945682203853613 -78.69552979797413 0.18622423708438873 0.0007370883484303222 0.0010033117103909292 0.6978647773865553 0.716228456953221
13.022222537 -4.962752345152787 -79.31488257701848 0.18899883329868317 0.0007115533440322315 0.000994921842673822 0.6978853119894409 0.7162084857998866
13.122222539 -4.9925094534887435 -80.63812599227344 0.19072982668876648 0.0007174499544156546 0.0010204384141934248 0.6978738154066881 0.7162196462962445
13.222222542 -5.024703184086415 -81.93863574496456 0.19305990636348724 0.000712874797296295 0.0009848396163025523 0.6978827963722166 0.7162109496706599
13.322222544 -5.0568992108635165 -83.23865721807937 0.19638949632644653 0.0007096093107427195 0.000983188401657566 0.6978760359108335 0.7162175425780732
13.422222547 -5.088164288654772 -84.53289486696607 0.19962625205516815 0.0007083439084359513 0.0009790913145824157 0.6978849444807793 0.7162088689035934
13.472222548 -5.106182892265102 -85.15160753195269 0.20229603350162506 0.000701785506334729 0.0009709000630516574 0.6979188665428653 0.7161758307662252
13.57222255 -5.135289991889031 -86.48093868835453 0.20532742142677307 0.0007365406423431078 0.0010100786689378194 0.6978842074057642 0.7162095156464994
13.672222553 -5.166827761930055 -87.78063920260985 0.2074572592973709 0.000741357765859668 0.001000531870057189 0.6978702739605266 0.7162231007492703
13.772222555 -5.198456069357412 -89.08640515953799 0.21027395129203796 0.0007424692936769781 0.0009906458668585377 0.6978814699181429 0.7162122041022525
13.822222556 -5.216537440687587 -89.69575660445024 0.2136775404214859 0.0007388051722123203 0.0009924312490978409 0.6979228260470292 0.7161719054316928
13.922222559 -5.245556388634804 -91.02919993561072 0.21538951992988586 0.0007544872162317606 0.0009849396225442846 0.6978734742483571 0.7162199903545754
14.022222561 -5.277413861492962 -92.32682550848352 0.2186630368232727 0.0007682936148936106 0.0009918022158425422 0.6978677593701297 0.7162255346502249
14.122222564 -5.309896138066231 -93.614685950808 0.22136175632476807 0.0007380850798099231 0.0009591852087397068 0.6978790655114129 0.7162145943186771
14.222222566 -5.340950713188282 -94.92177133653004 0.2243819236755371 0.0007442168480229544 0.0009580205316785232 0.6978854879203817 0.7162083314846838
14.322222569000001 -5.372185068547014 -96.22524816065845 0.22736744582653046 0.0007531480746289346 0.0009650238325745797 0.6978861638583195 0.7162076541004703
14.37222257 -5.390165157718609 -96.84382346582989 0.22989268600940704 0.0007197440218758148 0.0009417106624172102 0.6979229679146675 0.7161718550786211
14.472222572 -5.420973974331931 -98.14515609054729 0.23112818598747253 0.0007196030862890226 0.0009213408970480177 0.6979210005144622 0.7161737989784613
14.572222575 -5.452999713737486 -99.43746410774092 0.2345678061246872 0.0007324970372015257 0.0009227578498868311 0.697921905300597 0.7161729023550288
14.672222577 -5.4836977949843675 -100.73773615810067 0.23763814568519592 0.0007434830105375662 0.0009385196566324356 0.6979279280212083 0.7161670012656894
14.722222578 -5.500804803196201 -101.36648075414892 0.24057112634181976 0.0007120311987007286 0.0009288129890559833 0.6979482815716452 0.7161472101245602
14.822222581 -5.530130790656967 -102.68620667409664 0.24285049736499786 0.000760984355267562 0.0009596423106011467 0.697906940134396 0.7161874076676379
14.922222583 -5.561924542198843 -103.972235512862 0.24556486308574677 0.0007628685108531937 0.0009624512736554982 0.6979375335661934 0.7161575880759201
15.022222585 -5.5942225944030275 -105.26868650944967 0.2480374574661255 0.0007415706454706174 0.0009359368195457547 0.6979332050593274 0.716161863946177
15.122222588 -5.624752336908697 -106.56957640690972 0.2512669861316681 0.0007511117237133254 0.0009489039109439759 0.6979342280140346 0.7161608400205918
15.22222259 -5.65631142246407 -107.86526387534329 0.2542118430137634 0.0007431082582780776 0.0009510625112650705 0.6979401791320419 0.716155045798987
15.322222593 -5.688615569553931 -109.16663583781742 0.2567238211631775 0.0007391635880550769 0.0009307906841527236 0.6979285198596314 0.7161664390575952
15.422222595 -5.719055505256734 -110.47072238108406 0.2592720687389374 0.0007423531211596292 0.0009249328557947632 0.6979407987509069 0.7161544769461416
15.522222598 -5.750175665702145 -111.77448903136009 0.2625417113304138 0.0007575650174071436 0.000937653705317016 0.6979360324026423 0.7161590895707679
15.572222599 -5.76846923862511 -112.4041882469206 0.26529252529144287 0.0007345509114072116 0.0009376482640622941 0.6979446021960081 0.7161507617228006
15.672222601 -5.797526103453894 -113.7121723106522 0.2680546045303345 0.0007684667817440252 0.0009603630544321782 0.6979342893751733 0.7161607465338915
15.772222604 -5.83004002933948 -115.00759351055763 0.2711765170097351 0.0007884372573600657 0.0009609062564247613 0.6979458796983211 0.7161494285678052
15.872222606 -5.863154770031921 -116.30181737358687 0.2736952006816864 0.0007746176305184298 0.0009565844265175664 0.6979336396868809 0.7161613781175192
15.972222608 -5.894304109201174 -117.60187616018086 0.2765260934829712 0.0007691019983502546 0.000953616287916349 0.6979260773052895 0.7161687578464606
16.02222261 -5.911365502149846 -118.22981963322468 0.2791765630245209 0.0007450297896519697 0.0009563172674097208 0.6979386606078725 0.7161565167034265
16.122222612 -5.942143995076364 -119.5345015390557 0.28167322278022766 0.0007814667453105655 0.0009637591421117247 0.6979320784308215 0.716162882573005
16.222222615 -5.972377975169672 -120.8487197574643 0.2845824956893921 0.0008099354370381277 0.0009746442729967469 0.6979278532536763 0.7161669538074509
16.322222617 -6.002821360683054 -122.15565969793754 0.2872792184352875 0.0008057727041637185 0.0009742261672468868 0.6979162116702291 0.7161783039869333
16.422222619 -6.0344009467469375 -123.45434553569767 0.29087936878204346 0.0008054856559921852 0.0009894063042436784 0.6979152353297489 0.7161792349423741
16.522222622 -6.06666676656972 -124.74277038102612 0.29404863715171814 0.0008249580086550582 0.0009963174507956478 0.6979058521391501 0.71618834697707
16.572222623000002 -6.08575524910427 -125.34489758901626 0.29731646180152893 0.0008013519523007049 0.0009865846150615347 0.6979235432118389 0.7161711473638673
16.672222625 -6.116485260838647 -126.66135924513162 0.2988035976886749 0.0007982026200458963 0.0009800251879751158 0.6977983660515611 0.7162931262820967
16.772222628 -6.1511760150257 -127.95310480917406 0.30080437660217285 0.0008136888444219275 0.0009431224400634195 0.6974192021652404 0.716662336726109
16.87222263 -6.187138398183234 -129.25275544108945 0.30443042516708374 0.0008399658797824229 0.0009079189202502827 0.6966869541421534 0.717374210624193
16.972222633 -6.227966418026195 -130.54583340747135 0.3075353503227234 0.0008854337842096582 0.0008572027042476935 0.6955576603521045 0.7184692215648797
17.072222635 -6.272807361154613 -131.84088295386547 0.3110382854938507 0.0009208919868004676 0.0008368377105705623 0.6940800368588211 0.7198967662760075
17.172222638 -6.324869584672146 -133.13586195679036 0.3149581253528595 0.0010320770595211842 0.000788276171999074 0.6921940893429029 0.7217102300205871
17.27222264 -6.383012296381508 -134.43520981682752 0.3173511028289795 0.0010465159177407526 0.0007458744436181908 0.6899305376974102 0.7238744377502985
17.372222642 -6.451289447379395 -135.73009492057903 0.32059967517852783 0.001067955070738985 0.0007151748251443768 0.6872010861298963 0.7264661142949663
17.422222644 -6.4873646144019865 -136.36716303476248 0.3229847252368927 0.001047187137090299 0.0006975345162561679 0.6857595456295054 0.7278270827763369
17.522222646 -6.570868206103881 -137.66614962050465 0.32568350434303284 0.0011065138333551086 0.0006648432588009346 0.6826929949172688 0.7307041865908993
17.622222648 -6.669194994144788 -138.95706084959045 0.3276170492172241 0.0011097997205545874 0.0006049736221937633 0.6793960483355211 0.7337706807017944
17.722222651 -6.776760409766824 -140.25707367680926 0.3312346339225769 0.0012204844121872446 0.0005456613192145388 0.675463694423466 0.7373920329019881
17.822222653 -6.898873245009482 -141.55520599808688 0.33438777923583984 0.00126369628176352 0.000473956281734671 0.670396871503824 0.7420014913159109
17.922222656 -7.044455403763394 -142.84452216695115 0.3372706174850464 0.0013537384987034771 0.00035221986091860124 0.6637255989212483 0.7479748476184722
18.022222658 -7.21657009143494 -144.135797331209 0.3410003185272217 0.0015597958282375164 0.00017898842212029297 0.6550937777833372 0.7555459465245472
18.072222659 -7.313380730674814 -144.7624005016891 0.34398066997528076 0.0015742935071271413 6.528253523341537e-05 0.6499613369301872 0.7599656425352844
18.172222662 -7.54269400054025 -146.05422475491892 0.3459797501564026 0.001719173186620891 -0.0001327598907096319 0.6381630468816218 0.7698993131657741
18.272222664 -7.807825189522385 -147.32173975465207 0.3489505648612976 0.0016715918428914299 -0.00013017026830952248 0.6259722776387648 0.7798435076758342
18.372222667 -8.086481628883325 -148.57219093453207 0.35118284821510315 0.0012959345364558063 0.000140131144345832 0.6222259534451718 0.7828366137171833
18.472222669 -8.360747575617312 -149.77625188468662 0.35419222712516785 0.0008873127067653882 0.00017802409896269794 0.6213617997703962 0.7835232573253168
18.572222671 -8.624008289112037 -150.89267281770623 0.35854819416999817 0.0006491996214116697 0.00026891907713384717 0.6211353199246605 0.7837030180906992
18.672222674 -8.867512685432947 -151.92884727990847 0.36087384819984436 0.0004684475211212809 0.0002911682273338623 0.6210795668200987 0.7837473237316617
18.772222676 -9.091538813175902 -152.87812265857042 0.3635897636413574 0.0002970218722879601 0.0002674350774712999 0.6210895734563237 0.7837394860540895
18.92222268 -9.386222093060205 -154.13234026435518 0.3655853569507599 0.00011089504024312729 0.00025035300984834635 0.62108391700396 0.7837440226659969
19.022222682 -9.552887028662942 -154.85233710398478 0.3682391047477722 5.2281181224432985e-05 0.0002553913658740994 0.6210697256854112 0.7837552729513063
19.122222685 -9.695347792430024 -155.47880878015698 0.3696648180484772 -2.5274719739822445e-05 0.00027488525928649483 0.6210671432265094 0.7837573140990425
19.222222687 -9.817860716898956 -156.00925624010446 0.3711467981338501 -3.0116332686521812e-05 0.0002853698676946914 0.6210738877041865 0.7837519656556229
19.422222692 -10.003549220312278 -156.8075153238362 0.3721565306186676 -1.8387099733630017e-05 0.000316674864525486 0.6210781585287699 0.7837485696174871
19.672222698 -10.125067896814693 -157.31945307503582 0.373247891664505 -2.1847447327641586e-05 0.00033746833266302164 0.6210791518183059 0.7837477737221759
20.922222728 -10.422597114689225 -157.8884310306306 0.371237576007843 0.0010744467278974916 0.0007718717885259753 0.5805103093955636 0.814251822511708
21.172222734 -10.774566222884852 -158.42705682072796 0.3745974898338318 0.001170444864017898 0.0007503979963228685 0.5397362592869954 0.8418330222630548
21.372222739 -11.194057037355519 -159.0020675684579 0.37550896406173706 0.0011696205420229579 0.0007180279233061527 0.5023111317174492 0.8646858639855426
21.572222744 -11.75369362747491 -159.68671754066614 0.37702834606170654 0.001163152150660174 0.000684112472568969 0.4643497745180747 0.8856508713777751
21.672222747 -12.089120572741278 -160.06691335951734 0.3785088062286377 0.0011808557424959263 0.0006688677080155254 0.4461911993080383 0.894936630078219
21.772222749 -12.465821438083504 -160.47366182970316 0.3797364830970764 0.0011874594896203734 0.0006552994909495488 0.42908691340800886 0.9032621885502157
21.872222751 -12.878937364471023 -160.90203049155332 0.3806409239768982 0.001190595148206986 0.0006346902857773018 0.4132334070841821 0.9106241436075767
21.972222754 -13.333750193322388 -161.3527254556599 0.3816714584827423 0.0012109984025154012 0.0006452733446110154 0.39878712297106156 0.9170425004642058
22.072222756 -13.826181730251692 -161.81771734885507 0.3821296989917755 0.0012276160416241416 0.0006216405738088905 0.3859133192844058 0.922534019167176
22.172222759 -14.358546619826225 -162.30529353944078 0.38317567110061646 0.0011940725043227472 0.0006125823632064788 0.3746224349108424 0.927176482766455
22.322222762 -15.23051334371396 -163.07883056232438 0.3846285939216614 0.0012479454129451645 0.0006295278616232423 0.3605714970423621 0.9327305301358735
22.422222765 -15.8556442419823 -163.61289787602965 0.38633042573928833 0.0012044042756943663 0.0006498091196803092 0.3529477598379162 0.9356420287609173
22.522222767 -16.518057266985892 -164.1695626346766 0.3878748118877411 0.001196448442559309 0.0006354145754494506 0.34653806770426504 0.9380349313278454
22.62222277 -17.215974327741876 -164.74339129169488 0.38915789127349854 0.0012070392530364484 0.0006878998069161337 0.34117623568772065 0.939998322366617
22.772222773 -18.339542959483705 -165.65987468890165 0.39095038175582886 0.001345844739485785 0.0006941682742196314 0.3344983322301988 0.9423951255007423
22.872222776 -19.12706549803753 -166.28385406275962 0.3925599455833435 0.0012850806939116305 0.000656773748023648 0.3305839950426083 0.9437754708814607
22.972222778 -19.949018252028257 -166.93575392957678 0.3943415880203247 0.0012467979387914714 0.0006695409352421074 0.3263281693834249 0.9452554803209017
23.07222278 -20.809554516273604 -167.60234822242197 0.39637210965156555 0.0012774191330330346 0.0006648039420623594 0.3214514172012003 0.946924977289868
23.222222784 -22.169115441628943 -168.61730143816885 0.39866381883621216 0.001358292376464918 0.000568476428663835 0.3118468485311468 0.9501312409017829
23.322222786 -23.12540831242916 -169.30539533121814 0.40034690499305725 0.0013550780022739243 0.00047088297520273654 0.30331616776077047 0.9528888940520566
23.422222789 -24.125518422156247 -169.99385981058205 0.40306493639945984 0.0013747213128516632 0.0003446504578662093 0.2932370430547027 0.9560387167567579
23.522222791 -25.170875602800443 -170.6739679847632 0.40543168783187866 0.0013942238679170152 0.00016843086615133892 0.28062600613392585 0.9598161659673019
23.622222794 -26.26192225081353 -171.3386706432718 0.4069049060344696 0.0013346816762447324 -4.721534440672902e-05 0.2659336917011863 0.9639903982995436
23.772222797 -27.98205836412918 -172.29330306539003 0.41058799624443054 0.0013677831214244987 -0.0003759404183024046 0.23964006434847124 0.9708607662261335
23.8722228 -29.16903785087912 -172.87795819103283 0.4126451909542084 0.0012444790222001616 -0.0007777839115919869 0.21924930052135733 0.9756677664784492
24.022222803 -30.995569945207887 -173.6574586087792 0.41537871956825256 0.0011995563244839103 -0.001181880038052197 0.18567709076204525 0.9826093741616466
24.122222806 -32.23077905440354 -174.11228454608298 0.41668352484703064 0.0010739790029446875 -0.0008422495513234072 0.16819573036218716 0.9857526735813222
24.222222808 -33.44277749104342 -174.54333405799912 0.41953492164611816 0.0008182565011499213 -0.0004083182863433095 0.16340150989195346 0.9865592279724036
24.372222812 -35.14911155457058 -175.12730412653403 0.4233371317386627 0.0003876575578649963 0.00010531692085799616 0.16203439954059629 0.9867850282586792
24.472222814 -36.18406873352687 -175.46871982949622 0.42503225803375244 0.00011683738943641395 0.0003190741834247389 0.16187074611346614 0.986811910190265
24.622222818 -37.576911031498106 -175.9375262792202 0.426167368888855 -7.77955318501778e-07 0.00047294726453640844 0.1618266095333894 0.9868190942453472
24.72222282 -38.38631788966119 -176.21017409179728 0.4282686412334442 -0.00016550529335405696 0.00048338042912381173 0.16182323545829586 0.9868196286136426
24.872222824 -39.44058396432895 -176.56735224625916 0.4280443489551544 -0.00023300300084500797 0.0005470635838847027 0.16183383597918355 0.9868178433547397
24.972222826 -40.019768556877565 -176.76510967170137 0.4286856949329376 -0.0003663036987625742 0.0005387387575258135 0.16182510446842113 0.9868192393472758
25.172222831 -40.93153966807052 -177.0752840799252 0.4298047125339508 -0.00030231958247888024 0.0005936394824223708 0.16182278345978807 0.9868196101356932
25.422222837 -41.58493416333808 -177.29855226894006 0.43066179752349854 -0.0003134590646693499 0.0006430083053990884 0.16182023668119155 0.9868199933545008
26.422222862 -42.08403195826478 -177.41136124863698 0.4301525950431824 0.0008846458510999759 0.0006721561351882207 0.14294679511223174 0.9897297506769156
26.672222868 -42.598390548736475 -177.47854332836025 0.43125078082084656 0.0008714876452793783 0.0006793961967874602 0.11598378846635282 0.9932504919420297
26.972222875 -43.58511591499345 -177.56451893072165 0.4317280054092407 0.0009068348926741274 0.0006859008835750285 0.07633795737579302 0.997081352475387
27.222222881 -44.70166175942636 -177.61385473691757 0.4316967725753784 0.0009441507658672697 0.0006751402532463933 0.0436882988936681 0.9990445361968341
27.322222883 -45.214613112278656 -177.6230675379913 0.43266433477401733 0.000902094458664299 0.0006453662033188513 0.031910411054725696 0.9994901177072086
27.472222887 -46.07866550630754 -177.63227001320683 0.43281111121177673 0.0009308895857081248 0.0006482388602839946 0.0162744117076965 0.999866919522057
27.622222891 -47.038356160158315 -177.62236834381434 0.4334573745727539 0.0009207079593160309 0.0006508494573136598 0.0033537413189409504 0.9999937405359111
27.772222894 -48.097846347571 -177.5988590093525 0.4348106384277344 0.0009381471956580357 0.0006503190526671172 -0.006676987083335972 0.9999770571410416
27.872222897 -48.84467725525084 -177.5740478390968 0.4357709288597107 0.0008763467691733616 0.0006289705282021805 -0.01174220349230759 0.9999304761179948
28.0222229 -50.061514328008776 -177.52884372892456 0.4348638951778412 0.0009495734706480272 0.000648224066385948 -0.017157952187747683 0.9998521304635534
28.172222904 -51.366818285749595 -177.47379185128278 0.43609103560447693 0.000983966964637375 0.0007156506345629803 -0.02018852372405261 0.9997954506612965
28.322222908 -52.76181469017962 -177.41237218712865 0.43675172328948975 0.0009614826754444816 0.0007356428766758537 -0.021310396365472384 0.9997721747415105
28.42222291 -53.73133980484923 -177.3735171583592 0.4385903477668762 0.000955697138848504 0.0007784967781892566 -0.02141530041010764 0.9997699062754839
28.572222914 -55.274102775322966 -177.30200703158638 0.4395221769809723 0.0009427380756874536 0.0007787093518799126 -0.020799136945538976 0.9997829268191103
28.722222917 -56.895907765527724 -177.2382350214371 0.440266489982605 0.0009062164010199098 0.0007222031884083978 -0.02069612400565024 0.9997851407405152
28.82222292 -58.02293063796023 -177.1942106108953 0.44160565733909607 0.0009152036679063978 0.0006775726786054957 -0.02284564428678887 0.9997383556884436
28.972222923 -59.78898215678385 -177.09522936026627 0.44306981563568115 0.0008801200467423879 0.0004105786087763351 -0.032647041304498414 0.9994664714276171
29.122222927 -61.6237924040547 -176.92591404780333 0.4437398612499237 0.0007229200056837184 -0.0002249741842074746 -0.05396279718080088 0.9985426597265165
29.222222929 -62.87603695946137 -176.74247820203104 0.44364380836486816 0.0005295688570341856 -0.0009051650469432927 -0.07957122133949351 0.9968286316953405
29.372222933 -64.7437875037037 -176.27568841613515 0.4462663531303406 -9.986986961816723e-05 -0.0031375696380352494 -0.14926973803024196 0.9887915306024615
29.522222937 -66.50179348007309 -175.49690623155914 0.4456113278865814 -0.0018218643514195704 -0.005740866294750263 -0.24792407044995074 0.9687607437112626
29.622222939 -67.58424730180825 -174.80381353091943 0.43953225016593933 -0.005146180734081166 -0.007094891785343182 -0.3161504794057318 0.948668568945937
29.772222943 -68.99243973772703 -173.50523662445605 0.4256436228752136 -0.008033062042970718 -0.004972003686484155 -0.4111626509943505 0.9115130407848551
29.872222945 -69.79156806212043 -172.50582689843787 0.4140530228614807 -0.007337911734663414 -0.004594494409687816 -0.4656959308889835 0.8849024497795995
30.022222949 -70.78873042866002 -170.84812739786935 0.39915478229522705 -0.005824184383930122 -0.0019695641263674075 -0.5297810243267739 0.8481121776962575
30.172222952 -71.56390881347866 -169.04552146532382 0.37966927886009216 -0.005594432888755704 8.605528850301816e-05 -0.5753800377802629 0.8178670472877139
30.322222956 -72.15742205296922 -167.16824691851434 0.3613559305667877 -0.00562221238584683 0.0011740548425593833 -0.607512668541922 0.7942892230693978
30.422222958 -72.48273817613482 -165.87655915574678 0.34683650732040405 -0.006093669760839331 0.0012132731803926405 -0.623609366228307 0.7817114259810746
30.522222961 -72.75313861105921 -164.6127207373862 0.33064746856689453 -0.006776613156516924 0.001997659157602808 -0.6365511992328454 0.7712020861144264
30.672222964 -73.0801517975794 -162.68451373847336 0.3043349087238312 -0.006947224799142359 0.002925958129722301 -0.6519689405121469 0.758208200591422
30.822222968 -73.3385222496777 -160.7576253689513 0.2753663659095764 -0.0059202587004153345 0.0034584628902242535 -0.663718837608861 0.7479507297773694
30.92222297 -73.47960296154889 -159.46685901013115 0.25829949975013733 -0.0051507543399343545 0.0038848722313155246 -0.6699634655863306 0.7423660365864198
31.022222973 -73.59607063476606 -158.17685124977362 0.24213947355747223 -0.004547771478768697 0.004079905073546822 -0.6752339304436538 0.7375783425011763
31.172222977 -73.75248158832638 -156.2406806344317 0.21832294762134552 -0.004350194433874319 0.004129581015434069 -0.6817138690140596 0.7315943023034733
31.272222979 -73.83612618428515 -154.94286475128342 0.2014431655406952 -0.004752705044299761 0.0047151481601706135 -0.685214356487608 0.7283106925178723
31.422222983 -73.94501439843665 -152.98656046073563 0.174099400639534 -0.005729958196298225 0.005598984161094554 -0.6894514432374313 0.7242875992126715
31.572222986 -74.03285506248342 -151.03738052500168 0.14005917310714722 -0.005799968367230265 0.005897199115046602 -0.6928752695694392 0.7210100167325093
31.672222989 -74.08191906272525 -149.7352188657188 0.1195177435874939 -0.005770912666629628 0.00588459015672446 -0.6947711104005267 0.7191836846859782
31.822222992 -74.14200239433826 -147.78803098686745 0.08722346276044846 -0.005644240006686803 0.005914639409939132 -0.6971159817339665 0.7169117571964385
31.922222995 -74.17846595460446 -146.49127616534918 0.06547337025403976 -0.0056181623806450896 0.005940676344244607 -0.6984214978047599 0.7156399625651108
32.072222998 -74.22373691935154 -144.53916315937474 0.03413521870970726 -0.00560446332672174 0.005927159188970041 -0.7000278424251122 0.7140689592780309
32.172223001 -74.25056860080849 -143.25648453450188 0.012600761838257313 -0.005622507845573705 0.005984994467981716 -0.7009323764391286 0.7131804616688123
32.322223004 -74.28160251232512 -141.30512313087308 -0.019671514630317688 -0.005620833635141159 0.006008037576736137 -0.7020228707619535 0.7121068730470647
32.472223008 -74.3108052103479 -139.3635411558899 -0.0521756112575531 -0.005613544755151647 0.006011827451179537 -0.7029316337835217 0.7112098595157468
32.622223012 -74.33515100046272 -137.4085886097631 -0.0846673846244812 -0.005611630788133256 0.005996047747156169 -0.70364867366972 0.7105005989118907
32.722223014 -74.35320452163664 -136.1122158564757 -0.10595744848251343 -0.0055979459440744315 0.006013138826104522 -0.7040516369389654 0.7101012587555582
32.872223018 -74.37064251618182 -134.16127087228088 -0.13767698407173157 -0.005623336812294668 0.006037722287516015 -0.7045433947746419 0.7096129429992787
32.97222302 -74.38340663284141 -132.86770152497576 -0.15990252792835236 -0.005596541205812051 0.006040228954474417 -0.7048326655011504 0.7093258123057785
33.072223023 -74.39791024947846 -131.58371608545093 -0.18138724565505981 -0.005583011139106145 0.006055683746440268 -0.7050858781841155 0.7090740885593819
33.122223024 -74.40087573750483 -130.9351739297927 -0.19152520596981049 -0.005588658548730718 0.006054802770820115 -0.7051853097451469 0.7089751654174307
33.272223027 -74.41742255129066 -128.98239718065858 -0.22462309896945953 -0.0055574288628383525 0.006033695535802619 -0.7054753669249021 0.708686966272691
33.37222303 -74.42616450519009 -127.70983598959786 -0.24586018919944763 -0.005567642158703512 0.006038686357539081 -0.7056670226329335 0.7084960047849521
33.472223032 -74.43226278715065 -126.41343082784029 -0.26808515191078186 -0.0055429561929658325 0.006016152445802903 -0.7058102652852579 0.7083536905842627
33.572223035 -74.43861298486269 -125.1168427611632 -0.28953564167022705 -0.0055507580980192085 0.005986675302724787 -0.7059224952238693 0.7082420345759373
33.672223037 -74.44377268147971 -123.8206504750994 -0.31074056029319763 -0.0055504411002996095 0.005949135485661679 -0.7060491204222719 0.7081161203796321
33.722223038 -74.4451113788955 -123.16469887954527 -0.3199654221534729 -0.005561336481061269 0.005941188206506273 -0.7060726687542895 0.7080926212420482
33.822223041 -74.45016762376927 -121.86428745458655 -0.34226927161216736 -0.0055274364979429 0.005905253511483677 -0.7061590215187495 0.7080070704127243
33.922223043 -74.45320551561274 -120.57872122882416 -0.3631369173526764 -0.005547502728810338 0.00589308970805891 -0.7062534654595551 0.7079128048238252
34.022223046 -74.46265761195183 -119.29581514100445 -0.38428595662117004 -0.005523526313055865 0.005905977400945344 -0.706358619351946 0.7078079619185003
34.122223048 -74.46502851594464 -118.00472470070963 -0.4061572849750519 -0.005504687555406531 0.0058846484875207114 -0.706435202258123 0.7077318520016043
34.22222305 -74.46714133006333 -116.73115115028875 -0.42721590399742126 -0.005404117302749796 0.0057845624199457995 -0.7065683277866446 0.707600545874982
34.322223053 -74.47385105337509 -115.37589330736388 -0.4457632005214691 -0.005052263908666831 0.005433023669261681 -0.7064654759260834 0.7077086181527948
34.422223055 -74.47783009584327 -114.07731207986792 -0.46528416872024536 -0.00474667197538852 0.005161534088564439 -0.706484625424229 0.7076936496183909
34.522223058 -74.48400116151551 -112.77573424493767 -0.4823468029499054 -0.00434370947015749 0.004818340876966499 -0.7065250820500961 0.7076582679608405
34.62222306 -74.48749401893281 -111.47452048833158 -0.4979035556316376 -0.0036575857889649525 0.004182271465869279 -0.7065323223203075 0.7076589631936101
34.722223062 -74.49062342987696 -110.16983506669091 -0.5139620304107666 -0.003085496420105601 0.003609282882591333 -0.7065427990998273 0.7076543830353176
34.822223065 -74.4962135985378 -108.86959191364299 -0.5235864520072937 -0.0025272726392752153 0.003123782787033473 -0.7065519228370799 0.7076497970107326
34.922223067 -74.50002039714846 -107.56695170980704 -0.5322151780128479 -0.001805462428734914 0.0024231220072559807 -0.7065603667478999 0.7076463219195231
35.02222307 -74.50445881637562 -106.28550647367553 -0.5403080582618713 -0.001334489666632392 0.0019124200792309057 -0.7066077181044348 0.7076016495896642
35.122223072 -74.50987516297548 -104.97360546366839 -0.544749915599823 -0.0008038008386613252 0.0013711252572457468 -0.7065861627388151 0.707625231705157
35.222223075 -74.51170704119323 -103.67917291826859 -0.5461830496788025 -4.7672603980593255e-05 0.0006360902643721524 -0.7066113306673006 0.7076015972912195
35.322223077 -74.51654797552563 -102.37129977163491 -0.5482270121574402 0.00046463806005836634 0.00011122398950362523 -0.706579293203507 0.7076337146834721
35.422223079 -74.52105083216443 -101.08558212452448 -0.5457807183265686 0.0009980356204532916 -0.0004472169052576776 -0.7066140871736543 0.7075982869748083
35.522223082 -74.52415256744561 -99.78690864564173 -0.5427658557891846 0.001678299895370873 -0.0011411498831531161 -0.7066144904818199 0.7075958189019513
35.622223084 -74.52927693470559 -98.49675881382885 -0.5377703905105591 0.0021258104219422994 -0.00156739266960005 -0.7066309194764443 0.7075773935409072
35.722223087 -74.53222827862386 -97.21448841862853 -0.5300090312957764 0.0026969446838069283 -0.002126150073120503 -0.7066429794751102 0.7075619446619342
35.822223089 -74.53555342165133 -95.92268920430362 -0.5199397802352905 0.003426588305124006 -0.0028536369131593846 -0.7066767726104789 0.7075224761813527
35.922223092 -74.53905687187603 -94.62733483299071 -0.5083133578300476 0.0037867969278244417 -0.0032558240303977542 -0.7066651577383063 0.7075305043725005
36.022223094 -74.54104114959581 -93.3331389202562 -0.4937248229980469 0.004415539989441427 -0.003934553537229199 -0.7066696198338533 0.7075189543036579
36.122223096 -74.54430066583961 -92.03752495519576 -0.4768402874469757 0.005174234663556236 -0.004676125905647083 -0.7066542861857279 0.7075246150894681
36.222223099 -74.54788281445559 -90.74873192792973 -0.45924997329711914 0.0055117514589185885 -0.005022045314397967 -0.7066684430331532 0.707505555651554
36.322223101 -74.55262334874408 -89.46154962587397 -0.4397788643836975 0.006128705353336281 -0.005651698454461528 -0.7066558752923767 0.7075082834780358
36.422223104 -74.55577622968754 -88.16571432338542 -0.4186541736125946 0.006839162802024125 -0.006359800900024138 -0.7066541041352372 0.7074975306624784
36.472223105 -74.55489222551981 -87.53212272029536 -0.4058193862438202 0.00698792048115233 -0.006494650046683841 -0.7066734838851285 0.7074754947429451
36.622223109 -74.56293798271304 -85.58174246157995 -0.3682541847229004 0.00744131963480628 -0.006933582351558651 -0.7066574874823697 0.707482683592306
36.67222311 -74.56477013469375 -84.93845605791446 -0.35441750288009644 0.007601306383687488 -0.007087342486947842 -0.706658152184912 0.7074787952075595
36.772223112 -74.5655969730934 -83.65104175736863 -0.32855483889579773 0.007797903725024475 -0.007305380854988688 -0.7066915198917458 0.7074411069630834
36.872223115 -74.57188829389189 -82.34216268531937 -0.30130264163017273 0.007829886889154447 -0.007322142702904855 -0.7066664598929688 0.7074656129875713
36.972223117 -74.57580476412406 -81.04551164542384 -0.27384334802627563 0.007807074701089336 -0.007301003337335039 -0.7066574353641191 0.7074750977804699
37.072223119 -74.57917885491032 -79.7497299248693 -0.24663515388965607 0.00779841557086169 -0.007296703137299063 -0.7066624217155179 0.707470257023622
37.172223122 -74.58332344746952 -78.45403274125255 -0.21853424608707428 0.007831311351713013 -0.007307362475727538 -0.7066623961297314 0.7074698091878886
37.272223124 -74.58646215571743 -77.16641428799336 -0.1916932910680771 0.007771778336928167 -0.007247043124611772 -0.706653437498906 0.7074800344168107
37.372223127 -74.588924842239 -75.92293898715418 -0.16430047154426575 0.007622510298699405 -0.00710367314483784 -0.7066667790209478 0.707469786346213
37.472223129 -74.59250784256038 -74.74804522763726 -0.1392664760351181 0.007442643266803018 -0.006913279982866236 -0.706669026254901 0.707471342849328
37.572223132 -74.59695358929962 -73.65859377159487 -0.11678379774093628 0.007247516297687822 -0.006755696694911602 -0.7066623616453916 0.7074815479596898
37.672223134 -74.59734610359843 -72.66748964394036 -0.09658567607402802 0.0069984497827895896 -0.0064952646937587715 -0.7066804635730111 0.7074684131757615
37.822223138 -74.60166301111802 -71.34701994564506 -0.06844990700483322 0.006681292838531355 -0.006179800733985604 -0.7066629451948966 0.7074918036821122
37.92222314 -74.60335264443499 -70.59528155083977 -0.05269823968410492 0.0065045545509692096 -0.005970083208053657 -0.7066690569428493 0.7074891467973813
38.022223142 -74.60585144081166 -69.93878919192024 -0.04106521978974342 0.006482019332604357 -0.0059540206561028725 -0.7066779495714842 0.7074806065559966
38.122223145 -74.60698120808796 -69.3823323956181 -0.03019750490784645 0.006466707314140173 -0.005936960091237654 -0.7066817155653552 0.7074771283136965
38.32222315 -74.608486479034 -68.54594569483663 -0.014415228739380836 0.006218297074081379 -0.005645687911443773 -0.706669768218033 0.7074936732410946
38.622223157 -74.61061574347788 -67.9606887209737 -0.0028059810865670443 0.006079343271838638 -0.005466448090335039 -0.7066890194335688 0.7074770592342057
39.822223186 -74.6115571200455 -67.44919181087903 0.003647424280643463 0.006613695008784672 -0.0060771111477069826 -0.7066724329501932 0.7074838515942847
40.072223192 -74.61468074786734 -66.84158149579012 0.015095191076397896 0.006462488517416217 -0.005908028878890326 -0.7066720554135557 0.7074870582099075
40.322223198 -74.6154342052497 -65.98164224793369 0.029810147359967232 0.006405082678606616 -0.0058530512129212385 -0.7066797444028226 0.7074803570122216
40.522223203 -74.61779134919693 -65.11022203472592 0.04341834783554077 0.00642195569936141 -0.005834800301181151 -0.7066814465369444 0.7074786545973613
40.622223205 -74.61806675109672 -64.60150932418452 0.052891723811626434 0.006282596382309595 -0.005595283633631539 -0.7066973666582284 0.7074659382204077
40.722223208 -74.62112919853824 -64.05156575722481 0.06363789737224579 0.0059629848640888085 -0.005250024886555206 -0.7067012218650142 0.7074674996525969
40.82222321 -74.62101239753092 -63.460523911871086 0.0726349800825119 0.0056440011702580195 -0.004956634299426827 -0.7066889899162855 0.7074844511070982
40.972223214 -74.62361250689518 -62.48519150568029 0.0824655070900917 0.004927471057775077 -0.004236853079741503 -0.7066757759040243 0.7075076797147861
41.072223216 -74.62752926570013 -61.801345073157215 0.09210169315338135 0.004657103551799977 -0.003955679077857883 -0.7067012169665174 0.7074857270133326
41.172223219 -74.62600043650329 -61.076913541787 0.10031767189502716 0.004664942255646811 -0.004018171589603004 -0.7067031901573807 0.7074833521943884
41.272223221 -74.62910443859582 -60.30233385881253 0.10884886234998703 0.004705776767102434 -0.004052478186436717 -0.7067030889758948 0.7074829871576382
41.422223225 -74.63493870745776 -59.069206705119896 0.12212864309549332 0.004663550412996423 -0.004352716638590655 -0.7067085164615209 0.70747606172659
41.522223227 -74.63787845259152 -58.1943117655423 0.13342273235321045 0.0045610923097742714 -0.004633785237452977 -0.7067031996000392 0.7074802556583343
41.62222323 -74.64045344464273 -57.27926301935263 0.14288313686847687 0.004790842102662248 -0.004381463449285108 -0.7067025224686141 0.7074810211917262
41.772223233 -74.64361107064236 -55.83375802597039 0.15946142375469208 0.0043379054065605625 -0.003981845124617655 -0.7067665785888381 0.7074223143751653
41.872223235999996 -74.64812676763472 -54.81933792993888 0.17049819231033325 0.003509151330807301 -0.003607572817610345 -0.7068697422514446 0.7073258363474922
41.972223238 -74.65008577947286 -53.76764619384788 0.17733736336231232 0.0022409608309059857 -0.0022026945140677773 -0.7070016057086962 0.7072049602178689
42.07222324 -74.65141419118747 -52.6743165217368 0.18377994000911713 0.0011943302487410466 -0.0011229622927579465 -0.7071664123891762 0.7070452444642901
42.222223244 -74.65264674430048 -50.982807720101995 0.1881902813911438 -0.0005236580496906033 0.0006066026514154349 0.7075092842435813 -0.7067035945321106
42.322223247 -74.65352380441094 -49.804779938323826 0.18470622599124908 -9.957603668965241e-05 0.00040982733968402763 0.7078516781730885 -0.7063609727566401
42.422223249 -74.648441988326 -48.57924678591938 0.18941044807434082 0.0011670214122573982 -0.0014195188537752177 0.708252681280458 -0.7059566293238478
42.572223253 -74.6440705241087 -46.71077728878947 0.18401198089122772 -0.00023714734332721317 0.0005526253093900333 0.7090161592476093 -0.7051919769057031
42.672223255 -74.63888957073466 -45.4085419151996 0.18416230380535126 -0.00019127820023049448 0.0005381291764491935 0.7095546575314191 -0.7046501698042158
42.822223259 -74.6243075833776 -43.418524179038236 0.18308283388614655 -0.00011059379233606108 0.0005519917424990993 0.7104878887865685 -0.7037092034084348
42.922223261 -74.61116479787421 -42.093035692719226 0.18276216089725494 1.7458739484400453e-05 0.0004921786705375051 0.7111716741729676 -0.7030182126441442
43.022223263 -74.5950163994458 -40.76708323443411 0.1830996423959732 -2.164004010957914e-05 0.0004273166000416564 0.7119050946354862 -0.7022755535858212
43.172223267 -74.56820120076861 -38.800355934922905 0.18179018795490265 -0.00014225972598301057 0.00028300337030208857 0.7130371901811966 -0.7011261406407314
43.27222327 -74.54504461583993 -37.49909043905953 0.1856950968503952 -0.00033661592479616935 0.00032948964132729376 0.7138059711225322 -0.7003433541600251
43.372223272 -74.51917953453234 -36.207481602886524 0.1877792477607727 -0.0005295046610687938 0.00033311821660651157 0.7146017768637566 -0.699531206709343
43.472223274 -74.4916930912545 -34.9208076954061 0.18928024172782898 -0.0006167091899082722 0.00031735552581091007 0.7153936247537929 -0.6987213182785216
43.622223278 -74.446400620113 -32.99098814848555 0.19101235270500183 -0.000614925231581744 0.0004121979775236639 0.7166029795356402 -0.6974809113376722
43.72222328 -74.41040569276585 -31.696876432840263 0.19326463341712952 -0.0005062550184203581 0.00034142929100856856 0.7174287051820604 -0.6966316674632929
43.822223283 -74.37244513141326 -30.39931084978761 0.19403138756752014 -0.00010255107107278596 -2.9874992633842438e-05 0.7182645463852634 -0.6957700985215838
43.922223285 -74.3315220100549 -29.095120591015696 0.19128943979740143 0.00037474245958268225 -0.0004917300280793826 0.7191317960968037 -0.6948734256051625
44.072223289 -74.2638538105496 -27.144516007200643 0.18892228603363037 0.00043106698848832464 -0.0005209636972253363 0.7204243204357261 -0.6935332301359467
44.172223291 -74.21317531379205 -25.846612232444247 0.18723733723163605 0.0003976299143793567 -0.0005066350465460624 0.7212374551708719 -0.6926876052521981
44.272223294 -74.15994617281578 -24.542173755402406 0.1843073070049286 0.00041982732857765543 -0.00048424261430533486 0.7219790455110751 -0.6919146241387167
44.372223296 -74.10434264604825 -23.249379662017752 0.18420790135860443 0.00037420756485573395 -0.0004688458230868587 0.7226933987511436 -0.6911684972232263
44.472223299 -74.0458044537503 -21.95325490726025 0.18193313479423523 0.00039087913007969377 -0.00045647953332667035 0.7233094894646067 -0.690523729708394
44.622223302 -73.95792016966311 -20.009948909158037 0.1793638914823532 0.0003435282204197975 -0.0004701487442417543 0.7241024062296757 -0.689692225736171
44.722223305 -73.89662019665658 -18.71374756849982 0.17745843529701233 0.0002987628584773838 -0.0004946311076683171 0.7245612875507478 -0.6892101324441077
44.822223307 -73.83232729198234 -17.420319037630083 0.1766008585691452 0.0002688548402439373 -0.0005107726693500156 0.7249655674826293 -0.6887848668437367
44.922223309 -73.76916562730949 -16.124266895046365 0.17363180220127106 0.00030013282768527534 -0.0004998503465935908 0.7255040535131954 -0.688217646101754
45.072223313 -73.66129426257827 -14.178525508185064 0.17102864384651184 0.0004146092881128551 -0.0004293807855141876 0.7276338428426299 -0.6859654761584916
45.222223317 -73.52724257430926 -12.237634643178984 0.1677885353565216 0.0006610129150414441 -0.00023841674352867624 0.7327950744959357 -0.68044903190017
45.322223319 -73.4181944768596 -10.945650575550852 0.16615161299705505 0.000783586681536043 -0.00019485679649321777 0.7379547689581435 -0.674849692149796
45.422223322 -73.28535049603046 -9.653408186289857 0.16418768465518951 0.000939071468593806 3.194311356316553e-05 0.7447710105291744 -0.6673194579807833
45.522223324 -73.1203898130084 -8.366905184703498 0.16174723207950592 0.0012015787016481144 0.000177701412362871 0.7533157451684034 -0.6576578994524471
45.622223326 -72.9224221989875 -7.083114375475856 0.16042181849479675 0.0014261227968271396 0.00036568714739023875 0.7628217664677683 -0.6466071334664287
45.722223329 -72.6802086067683 -5.812803808680196 0.157919242978096 0.0016977941261519251 0.000513162545481701 0.7734200733943326 -0.6338913504931363
45.827778887 -72.39313784798826 -4.547443331820325 0.15737347304821014 0.0018983547087631286 0.000683950930037529 0.7852352360909265 -0.6191942768322007
45.922223334 -72.05974374170948 -3.2982922903981438 0.1540110558271408 0.002218916479212079 0.0008385154189815105 0.7979224096014231 -0.6027555072808621
46.022223336 -71.6729078638406 -2.0655977395945926 0.1531202644109726 0.0023547169180675163 0.0009415438773476561 0.8108782442453434 -0.5852093999697479
46.122223339 -71.22603908391365 -0.8485202038419776 0.15288740396499634 0.0025340729701249258 0.0010421677357839252 0.8243338363559529 -0.566097357880488
46.222223341 -70.72283211267197 0.3459748644911435 0.15023058652877808 0.0027848785663485273 0.0011184778810601039 0.8381764120542654 -0.5453909567772812
46.322223343 -70.16048820443764 1.5098676514491753 0.14910514652729034 0.0029715470508220494 0.0011571561944517831 0.8518828004086112 -0.5237227561082758
46.422223346 -69.53954059036808 2.6421201046181984 0.14706175029277802 0.0031254057545532163 0.0011414640313605017 0.8653743892979127 -0.501114852350236
46.527778904 -68.85710612734675 3.743697820694784 0.14580953121185303 0.003296627283468699 0.0011702018782309574 0.8787890455809809 -0.47719762807770405
46.622223351 -68.1146937914016 4.802954873317275 0.14366959035396576 0.003467840905928987 0.0011715367696357721 0.8918659108453773 -0.45228508559645675
46.722223353 -67.31623947266284 5.818787826138811 0.1420944631099701 0.003608138924136141 0.0011402767942280756 0.9043343353987556 -0.42680802583975336
46.822223355 -66.45733807381244 6.7875106583757345 0.13980992138385773 0.0037611728081883276 0.0011238675954684469 0.9165144790244493 -0.399982249905264
46.922223358 -65.54384364282501 7.702431541864869 0.13897065818309784 0.0038994952040375223 0.001087309512175468 0.928085990213712 -0.3723439357156394
47.02222336 -64.57840999077918 8.562019622890984 0.13770513236522675 0.004016682479806255 0.0009943746129543476 0.9389030473545505 -0.3441568612556261
47.122223363 -63.56171335935197 9.362790589562174 0.13614340126514435 0.004105195657347446 0.0009104811977633386 0.9488157405441267 -0.31580216732679905
47.222223365 -62.49828168572886 10.099816060428559 0.13522402942180634 0.004253140401148733 0.0008339752272669358 0.9580388279751049 -0.2866056862208706
47.322223368 -61.391459907807075 10.767611650117116 0.13492010533809662 0.004341925574195148 0.0007531639368235556 0.9664967694380809 -0.25664094586044794
47.42222337 -60.24416305104986 11.366925579239458 0.13408412039279938 0.0043614152220909485 0.0006365012723702531 0.9739397860651318 -0.22676389933760654
47.522223372 -59.065016519161055 11.898223048090342 0.13238348066806793 0.004321875902317362 0.0005288024985105619 0.9802180704744137 -0.19787262587841586
47.622223375 -57.856854922933906 12.361868010446381 0.13184434175491333 0.004175019087474996 0.0004479338648347819 0.9853031060266536 -0.1707634557658661
47.722223377 -56.62284057092679 12.762554795573523 0.13026322424411774 0.003974690280339873 0.00034181123440838834 0.989229225227185 -0.1463202821165901
47.82222338 -55.37034429656878 13.106123559291529 0.12952390313148499 0.003715833790773675 0.00024502936094255505 0.9922126706019927 -0.12449959372107627
47.922223382 -54.10639528671984 13.40051948936619 0.12755508720874786 0.00346299509798782 0.0001628312785235972 0.9944313787610657 -0.10532907521806029
48.072223386 -52.18906982229432 13.758804538123245 0.1267361342906952 0.003059954494748344 4.4726685253846645e-05 0.9966912175316778 -0.08122346688756293
48.172223388 -50.90380355446581 13.951694965836959 0.1259417086839676 0.0027618220857133597 1.3100130840844717e-05 0.997689648642085 -0.06788031496381114
48.272223391 -49.61452323109678 14.109806169354966 0.12615343928337097 0.0024871563488730493 -1.6765112008492724e-05 0.9984029705136265 -0.05643865910697943
48.422223394 -47.67560111838415 14.29836863908072 0.12460776418447495 0.0021742084076533455 -6.678620037243164e-05 0.9991061898058075 -0.04221480604154493
48.472223395 -47.03663610720474 14.347274543701838 0.12286142259836197 0.001995567020009948 -0.00016399662189811094 0.9992704203412435 -0.038139452649603056
48.622223399 -45.09341715429683 14.47169151188465 0.11624511331319809 0.0016629475706577477 -0.0003050256528136661 0.9996156007122126 -0.027672953898900676
48.772223403 -43.15089072585456 14.565167862934278 0.11064742505550385 0.0013837518638844305 -0.00043564488609018224 0.99980847398587 -0.019516935987960282
48.922223406 -41.206350265004716 14.63006323581258 0.10386836528778076 0.0011253789485003106 -0.0004892603050078404 0.9999141654543031 -0.013044380797896327
49.07222341 -39.262932072317525 14.671944592772556 0.09932824969291687 0.00093024503718874 -0.000539300414248408 0.999968621751349 -0.007848522914611966
49.222223414 -37.316272379236516 14.695911845963563 0.09559635818004608 0.0007531165720016018 -0.0004717884248504673 0.9999929781092602 -0.0036405993027796013
49.372223417 -35.37696924445983 14.707793044532671 0.09022211283445358 0.0005303249757060745 -0.0005914086504138015 0.9999984055444066 -0.001599343575555745
49.522223421 -33.526529092106365 14.714358268709521 0.08374210447072983 0.0005040511049554547 -0.0009839159902407923 0.9999984574970163 -0.0013648609435952253
49.722223426 -31.330455166421018 14.724319153732143 0.07757982611656189 0.0005036548854077797 -0.0013931908192843577 0.9999980140745119 -0.0013331159476075438
49.872223429 -29.923063488981256 14.730705135243022 0.0741535872220993 0.0004941106004715395 -0.0015768843122782737 0.9999977531589971 -0.0013277678779450852
50.072223434 -28.38497490107369 14.737569988352899 0.06802331656217575 0.0005280938783114764 -0.0016956056949814016 0.9999975206807592 -0.0013433802578948772
50.32222344 -26.997827889672404 14.7416376779606 0.065310537815094 0.0005205686745470035 -0.0016819685056302155 0.9999975392563862 -0.0013496189732907782
50.472223444 -26.44468937578884 14.744528147169266 0.06571090221405029 0.0004980779123786075 -0.001662786070881052 0.9999975938425928 -0.0013414059417317659
50.822223452 -25.88847011967842 14.746949954394351 0.06369205564260483 0.0005033377028902773 -0.0015683924890973263 0.9999977448803979 -0.0013405335786331185
51.922223479 -25.375222056103166 14.738050803386846 0.0622640997171402 0.000584931766094523 -0.00034374365959057837 0.9999988546432099 0.0013529254943921432
52.272223487 -24.40764018552475 14.727505011892998 0.062124595046043396 0.0019370500413669342 0.0002746568300152929 0.9999828205541968 0.0055254861538019395
52.422223491 -23.836848996025942 14.718220623100521 0.06176888570189476 0.0022406583201340434 0.0004325955168206541 0.9999698935472712 0.007416489093243717
52.622223496 -22.920446000768163 14.689619162939438 0.05304471775889397 0.0005723373113956131 -0.00022490944316384232 0.9999522517336714 0.009752748253936516
52.822223501 -21.831828483708215 14.661069011129834 0.05122886970639229 0.0006493422955858278 -0.0002673048181144219 0.9999293876741928 0.011862822945280571
53.022223506 -20.569530585482102 14.626505010724946 0.04907416179776192 0.0011400331153734605 -0.00039038626338739224 0.9998877037832504 0.014937461167134403
53.22222351 -19.13831729802057 14.560124561445818 0.04270552471280098 0.0009925412826937367 -0.00021494856794852015 0.9997521842803022 0.02223822577635104
53.372223514 -17.962074588235147 14.479305571186238 0.03952082246541977 0.0012919210725710782 -0.00024418758572256646 0.9994703625175516 0.03251562334324265
53.572223519 -16.25557695990936 14.28782291027023 0.03721315786242485 0.0017954641431135597 -0.00024045625928526308 0.9983218051401128 0.05788170584117974
53.822223525 -13.95461366762275 13.806247101864772 0.033263083547353745 0.0030557140075317154 -0.0004267747998862564 0.9930790641636158 0.11740720929777548
54.02222353 -12.069924727228546 13.074561929887913 0.02959246002137661 0.004913095175379972 -0.0009507870961028278 0.9788964181991351 0.20429576583130538
54.172223533 -10.72495633938184 12.240888246378688 0.027191273868083954 0.005684337614830386 -0.0014378903006258188 0.9580579348016987 0.2865145970816637
54.372223538 -9.050530925798661 10.775340373042235 0.022134779021143913 0.00512784028874412 -0.0015971537861090102 0.9267053375344861 0.3757504114952512
54.572223543 -7.454275057936453 9.007620437076664 0.01907750405371189 0.00381672454760976 -0.00104543778868745 0.9062361274462594 0.4227533808082018
54.772223548 -5.8931267406834476 7.0176553905866506 0.019536985084414482 0.0031641337547437527 -0.0008896783611118688 0.8931018046457142 0.44984259832586376
54.972223553 -4.449307745044763 4.816521061892947 0.0191373061388731 0.0036723385238967947 -0.001360772762842678 0.8692492506871579 0.4943585767507914
55.172223558 -3.2470972323010305 2.461827004261789 0.019722508266568184 0.003500688871165197 -0.0015768210408072104 0.8395934458750505 0.5432017161759443
55.372223563 -2.217320471111999 0.12879276046721116 0.026383154094219208 0.0016180235560644357 -0.001076249225172654 0.8336103276814447 0.5523495680003846
55.572223567 -1.340998787291273 -1.939561501508546 0.027059951797127724 0.0008450063130587005 -0.000816250157106809 0.8332448616643459 0.5529029030580115
55.722223571 -0.7798029830333434 -3.262918450729229 0.026673441752791405 0.0005956076454231768 -0.0007322657483216058 0.8331989943552929 0.5529724630067352
55.972223577 -0.03063020754392582 -5.026984451125331 0.024732567369937897 0.0004103168346529437 -0.0005772089854844888 0.83319205592589 0.5529832695587374
56.122223581 0.307277591824089 -5.8210366780682765 0.024183232337236404 0.0003746758141858929 -0.0005314540005827012 0.8331927339974732 0.5529823190559489
56.322223586 0.6297260161970462 -6.58466230608326 0.025937041267752647 0.00033182231920461793 -0.00047447564428291275 0.8331968993543023 0.5529761221546439
56.672223594 0.871158818009843 -7.154939130098845 0.02656804583966732 0.00039215946605872525 -0.0003682838652577797 0.8331969970850563 0.5529760163211349
